0.33172680246932007,3.9923143681837083,4.990392960217258,0.011057561450241222,0.011057561402302933,-9.827166243660603e-12
0.3320079754785424,3.9923186325324025,4.990398290653058,0.011066933875143348,0.011066933828059174,-9.794185480883536e-12
0.3325705581623057,3.99232715698782,4.990408946222011,0.011085686615143536,0.011085686567989068,-1.0122397983034805e-11
0.33341502404503864,3.992339933064817,4.9904249163183225,0.01111383545306245,0.011113835406998902,-1.0630901884955427e-11
0.33454208390209694,3.992356948037241,4.990446185032389,0.011151404082337437,0.011151404036536604,-1.0142544484489739e-11
0.33595268635373177,3.9923781849360718,4.9904727311549175,0.011198424123688364,0.01119842407867097,-9.796585786569519e-12
0.3376480186410939,3.9924036225487307,4.990504528169941,0.011254935151048555,0.011254935108217403,-1.0133369131307511e-11
0.33962950761803234,3.9924332354228107,4.990541544261806,0.011320984727603157,0.01132098468555881,-9.807778724651402e-12
0.34189882092677265,3.9924669938630184,4.990583742311167,0.011396628440298257,0.011396628400911187,-9.589091851704432e-12
0.34445786838203146,3.9925048639350766,4.990631079901159,0.011481929950445406,0.011481929913965218,-9.285124351259039e-12
0.3473088035507553,3.99254680746255,4.9906835093119115,0.011576961043965993,0.011576961009804864,-9.65483202665692e-12
0.3504540255369591,3.9925927820348526,4.990740977526147,0.01168180169085342,0.011681801659599847,-9.823090990344825e-12
0.3538961809696937,3.992642741004808,4.990803426238807,0.011796540111719656,0.011796540083394147,-1.0202073323947117e-11
0.35763816619665173,3.992696633495633,4.990870791851746,0.011921272852378715,0.01192127282628108,-1.0233104377045037e-11
0.36168312968254995,3.992754404403552,4.990943005486767,0.012056104862366088,0.0120561048384798,-9.659313238538264e-12
0.3660344746236885,3.9928159944055075,4.991019992991946,0.012201149581615613,0.012201149560181635,-9.591541376994665e-12
0.3706958617664146,3.992881339968901,4.991101674944984,0.012356529034018371,0.0123565290147961,-9.767246829086245e-12
0.3756712124438191,3.9929503733561793,4.991187966680746,0.012522373931528939,0.012522373915175227,-9.299222095523578e-12
0.38096471183234215,3.993023022643005,4.991278778289861,0.01269882377941866,0.01269882376573416,-9.55592611433092e-12
0.3865808124241562,3.993099211727476,4.991374014646959,0.01288602699614242,0.012886026984883002,-9.830090673542724e-12
0.39252423772414013,3.993178860351119,4.991473575428837,0.013084141031328267,0.013084141022479102,-1.0234698750892586e-11
0.3987999861725903,3.993261884118331,4.99157735513731,0.013293332499348911,0.013293332492315962,-1.0682677214123446e-11
0.405413335301637,3.9933481945144327,4.991685243135943,0.013513777318684818,0.01351377731435615,-1.0801621507343173e-11
0.4123698461176858,3.9934376989436964,4.991797123672551,0.013745660856989932,0.013745660854939166,-1.0357197973210631e-11
0.4196753677317304,3.9935303007485157,4.991912875931136,0.013989178084600856,0.013989178084984849,-1.1299070477557212e-11
0.4273360422224489,3.993625899261912,4.992032374072884,0.014244533736997326,0.01424453374009611,-1.1323737317636591e-11
0.43535830974758505,3.99372438982434,4.992155487277691,0.01451194248891753,0.014511942493794817,-1.1442993136311688e-11
0.4437489139109654,3.99382566385384,4.992282079817374,0.014791629126033037,0.014791629133122533,-1.1015996043720962e-11
0.45251490738029987,3.9939296088811544,4.992412011103952,0.015083828737787602,0.01508382874670433,-1.0585322214792416e-11
0.46166365776460805,3.9940361086221174,4.992545135780725,0.015388786911218337,0.015388786922445911,-1.0745053632138209e-11
0.4712028537629478,3.9941450430217684,4.992681303784332,0.01570675993731824,0.01570675994966764,-1.0792371738235436e-11
0.4811405115799244,3.994256288349231,4.992820360445003,0.016038015023341557,0.01603801503748346,-1.1368177453119413e-11
0.4914849816195127,3.994369717259753,4.992962146585819,0.01638283051661294,0.01638283053255735,-1.1280088391943538e-11
0.5022449554633149,3.994485198886275,4.993106498621199,0.016741496136716588,0.01674149615448357,-1.1336473356720876e-11
0.5134294731384029,3.9946025989440397,4.993253248695039,0.017114313217859146,0.017114313238277504,-1.1024378407986078e-11
0.5250479306796864,3.9947217798175982,4.993402224793415,0.017501594963108533,0.01750159498536683,-1.0573271895576696e-11
0.537110087997959,3.99484260069476,4.993553250893557,0.01790366670350935,0.01790366672679809,-1.1015094979153726e-11
0.549626077057802,3.9949649176717066,4.993706147116847,0.018320866171078896,0.01832086619458813,-1.0406786299310966e-11
0.5626064103699957,3.99508858390683,4.993860729912612,0.01875354378290041,0.018753543808034068,-1.0980927883432283e-11
0.5760619898135028,3.9952134497447043,4.994016812214023,0.019202062936315236,0.019202062961887315,-1.0477157189639284e-11
0.5900041157919003,3.995339362898155,4.994174203660097,0.01966680031164016,0.01966680033835464,-9.896735096491772e-12
0.6044444967272634,3.995466168597763,4.994332710786955,0.020148146190824997,0.02014814621821095,-9.889386490474187e-12
0.6193952589061809,3.9955937097827614,4.994492137276152,0.02064650478338123,0.020646504811472663,-9.858243092518752e-12
0.6348689566894173,3.9957218273016024,4.994652284175292,0.02116229456911813,0.021162294596533633,-9.785313897680482e-12
0.6508785830869898,3.995850360108691,4.99481295018748,0.021695948648409395,0.0216959486766171,-9.919485450045858e-12
0.6674375807117539,3.995979145501822,4.994973931930103,0.022247915109767244,0.02224791513722587,-1.027655940620202e-11
0.6845598531287891,3.996108019352529,4.995135024246776,0.02281865740438725,0.02281865743201567,-1.0528172373353648e-11
0.7022597765928497,3.9962368163612982,4.995296020514235,0.023408654742753693,0.023408654770070456,-1.1396854661557772e-11
0.7205522122084081,3.9963653703395625,4.995456712987012,0.024018402495549266,0.02401840252193036,-1.2217805866829494e-11
0.7394525185019843,3.9964935144769953,4.995616893159513,0.024648412614048498,0.02464841263861049,-1.217465666779265e-11
0.758976564432551,3.996621081664057,4.995776352143547,0.02529921406383509,0.02529921408599907,-1.2280955660258907e-11
0.7791407428483843,3.9967479048036734,4.995934881073316,0.025971353274147853,0.025971353294731613,-1.2307464177808863e-11
0.7999619844004263,3.996873817154208,4.99609227151124,0.026665394600112607,0.02666539461877552,-1.2740969206812243e-11
0.8214577719276303,3.9969986526925605,4.996248315936665,0.027381920804145653,0.027381920820866008,-1.2188250403469305e-11
0.8436461553215177,3.997122246486241,4.996402808177348,0.028121533548550876,0.02812153356431526,-1.1651225796449172e-11
0.8665457668995971,3.9972444350950544,4.996555543942276,0.028884853910938358,0.028884853925799793,-1.1331273824526338e-11
0.8901758372846806,3.9973650569891626,4.996706321306518,0.029672522913449306,0.029672522927272404,-1.0762618086143676e-11
0.9145562118113469,3.997483952979318,4.996854941301189,0.030485202066661908,0.030485202080210966,-1.038687195484665e-11
0.9397073674799935,3.9976009666917958,4.99700120843686,0.03132357393905068,0.03132357395167683,-9.496299713989582e-12
0.9656504304663254,3.9977159450377457,4.997144931375281,0.032188342735449356,0.03218834274728081,-8.860831951967589e-12
0.9924071942113301,3.9978287387194698,4.997285923471928,0.033080234904336245,0.03308023491513675,-7.350895652155737e-12
1.020000138093625,3.9979392027493774,4.99742400351335,0.033999999758766275,0.03399999976902053,-6.228388852211242e-12
1.0484524467283831,3.9980471970076477,4.997558996334922,0.03494841011971533,0.034948410129291486,-5.5939022773741965e-12
1.0777880298808702,3.9981525868021226,4.997690733578619,0.0359262629787755,0.03592626298721025,-5.1857588822177725e-12
1.1080315430317045,3.9982552434615926,4.997819054403329,0.03693438018537685,0.03693438019207565,-4.775457549681868e-12
1.1392084086116043,3.9983550449554075,4.997943806269656,0.037973609154457764,0.03797360915943669,-3.136171832796693e-12
1.1713448379256923,3.998451876528061,4.998064845739992,0.03904482359428026,0.03904482359898209,-2.71205326566376e-12
1.2044678537704672,3.9985456313552223,4.998182039270435,0.040148924265017705,0.04014892426992988,-1.7927015911235177e-12
1.238605313802825,3.998636211242883,4.998295264128782,0.04128683975607777,0.04128683976022078,-1.260034733276999e-12
1.273785934639606,3.998723527314352,4.998404409223164,0.042459527287020675,0.04245952728989453,-1.1237570198409195e-12
1.3100393167491486,3.998807500748905,4.998509376016171,0.04366797353877596,0.0436679735411713,-1.3939109314533892e-13
1.347395970123594,3.998888063539299,4.998610079497775,0.044913195510374884,0.044913195512567394,-1.2355827473820748e-13
1.3858873407878942,3.9989651592596167,4.998706449153819,0.04619624140285512,0.04619624140397838,2.617720721019548e-13
1.4255458381485118,3.9990387438579273,4.9987984298986,0.04751819152750783,0.047518191528162744,1.7491534928747712e-13
1.4664048632198021,3.9991087864847046,4.998885983181477,0.048880159250914115,0.04888015925086355,-3.271427793524528e-13
1.5084988377467816,3.9991752703273695,4.99896908798373,0.05028329196379921,0.050283291962579704,1.1738697800538088e-13
1.5518632342595235,3.9992381934579186,4.999047741898543,0.05172877208088133,0.05172877207922721,-8.473002940372747e-14
1.5965346070796644,3.9992975697346553,4.999121962242174,0.05321781808029789,0.05321781807754246,-9.955256377682334e-15
1.6425506243246963,3.9993534296746382,4.999191787161522,0.054751685562667116,0.054751685560199756,-3.232102991343426e-13
1.6899501009076323,3.999405821382316,4.999257276801738,0.05633166835756378,0.056331668354034733,-7.694738046988803e-13
1.7387730326091424,3.9994548114910127,4.9993185144267835,0.05795909965465528,0.05795909964997614,-1.2513824615550472e-12
1.7890606312079702,3.999500486071375,4.999375607659115,0.05963535317880092,0.059635353173665695,-7.359178374747099e-13
1.840855360743977,3.999542951655195,4.999428689627335,0.06136184439446391,0.06136184438940688,-7.338421238740909e-13
1.8942009749120539,3.999582336124796,4.999477920218672,0.06314003175725151,0.06314003175218985,-8.134665146389962e-13
1.9491425556569248,3.9996187897996336,4.999523487305923,0.06497141799506462,0.06497141799092354,-1.4280126779906822e-12
2.005726552969512,3.9996524863231264,4.9995656079672735,0.06685755143931847,0.06685755143566656,-1.588938215301101e-12
2.064000825959101,3.9996836237546995,4.9996045297445795,0.0688000273913832,0.06880002738737523,-1.988331910134774e-12
2.124014685207706,3.9997124255125875,4.999640531949679,0.07080048953399348,0.07080048953023142,-2.8584695613323148e-12
2.185818936476371,3.9997391414223475,4.999673926825561,0.07286063138994021,0.07286063138638818,-2.6239100449928717e-12
2.2494659257729337,3.9997640486918153,4.999705060910017,0.07498219782198609,0.0749821978198003,-2.3736131661829847e-12
2.3150095858604494,3.9997874529486723,4.999734316226225,0.07716698658795998,0.07716698658647143,-2.3838715103436767e-12
2.3825054842133073,3.9998096892218356,4.999762111561232,0.07941684993489058,0.07941684993433808,-1.910254650531556e-12
2.452010872501284,3.9998311229498755,4.999788903718732,0.08173369625043125,0.08173369624974892,-1.1610731656702428e-12
2.5235847376169667,3.999852150946604,4.999815188714466,0.08411949176272883,0.08411949176143232,-6.788751682273041e-14
2.5972878543194833,3.9998732023784846,4.999841502992205,0.08657626229683717,0.08657626229503478,1.0897227354273193e-13
2.6731828395375,3.999894739719591,4.999868424668439,0.08910609508402302,0.08910609508182209,6.542089584114432e-13
2.7513342083690144,3.99991725965897,4.999896574591365,0.0917111406299242,0.09171114062762944,4.0869222984522783e-13
2.831808431861731,3.99994129403365,4.999926617549807,0.09439361464010736,0.09439361463880484,-1.4740821440125573e-13
2.914673996595945,3.9999674106499747,4.999959263317257,0.09715580000737008,0.09715580000656962,-8.613659005897408e-14
3.000001466153174,3.9999962141800323,4.99999526772546,0.10000004886196297,0.10000004886196129,-1.764458011442424e-14
